使用梯度下降算法，实现线性回归或者逻辑回归。
输入文件格式：
1,34.62365962451697,78.0246928153624,0
1,30.28671076822607,43.89499752400101,0
1,35.84740876993872,72.90219802708364,0
1,60.18259938620976,86.30855209546826,1
1,79.0327360507101,75.3443764369103,1
1,45.08327747668339,56.3163717815305,0
1,61.10666453684766,96.51142588489624,1
1,75.02474556738889,46.55401354116538,1
1,76.09878670226257,87.42056971926803,1
1,84.43281996120035,43.53339331072109,1
1,95.86155507093572,38.22527805795094,0
1,75.01365838958247,30.60326323428011,0
1,82.30705337399482,76.48196330235604,1
1,69.36458875970939,97.71869196188608,1
1,39.53833914367223,76.03681085115882,0
1,53.9710521485623,89.20735013750205,1
